0 1
 C    0.781360373329   -0.001489115418   -0.723916131487
 C    0.662707688146    0.000000000000    0.787207676896
 C   -0.662707688146    0.000000000000    0.787207676896
 C   -0.781360373329    0.001489115418   -0.723916131487
 H    1.236843527034   -0.884936070226   -1.160496805630
 H    1.240052219758    0.879722568341   -1.161606238376
 H    1.401850724508   -0.000237314794    1.568501455816
 H   -1.401850724508    0.000237314794    1.568501455816
 H   -1.236843527034    0.884936070226   -1.160496805630
 H   -1.240052219758   -0.879722568341   -1.161606238376
