0 1
 C    0.782455511077    0.000056179286   -0.728171973158
 C    0.657166208122    0.000000000000    0.792217318237
 C   -0.657166208122    0.000000000000    0.792217318237
 C   -0.782455511077   -0.000056179286   -0.728171973158
 H    1.239028099676   -0.886700393349   -1.164818816058
 H    1.239072475728    0.886839852077   -1.164698827250
 H    1.412084253413   -0.000006834962    1.566940691590
 H   -1.412084253413    0.000006834962    1.566940691590
 H   -1.239028099676    0.886700393349   -1.164818816058
 H   -1.239072475728   -0.886839852077   -1.164698827250
